kinematics:
  shoulder:
    x: 0
    y: 0
    z: 0.1282560065126062
    roll: -0
    pitch: 0
    yaw: -6.730070847457299e-05
  upper_arm:
    x: -0.0001298567256802955
    y: 0
    z: 0
    roll: 1.570741458413116
    pitch: 0
    yaw: 2.08117439685017e-05
  forearm:
    x: -0.6127577422067012
    y: 0
    z: 0
    roll: 3.13961720923506
    pitch: 3.141368906580845
    yaw: -3.141538943105826
  wrist_1:
    x: -0.5716744596847277
    y: 0.0005679491125303003
    z: 0.1634310438150313
    roll: 3.138117507051141
    pitch: -3.140562763851374
    yaw: 3.141583822174732
  wrist_2:
    x: -1.744730553720786e-05
    y: -0.1156796703530661
    z: 9.578054833275211e-06
    roll: 1.570713528713072
    pitch: 0
    yaw: -5.018411682050918e-05
  wrist_3:
    x: 7.947493484628657e-05
    y: 0.09205088147541438
    z: 2.139222642043671e-05
    roll: 1.571028722462297
    pitch: 3.141592653589793
    yaw: -3.141565446353047
  hash: calib_17031111305709796794